2349			
			
1	995	690	1170
2	945	1010	850
3	650	470	855
4	585	450	855
5	1385	730	625
6	1330	1025	850
7	980	935	625
8	1135	555	625
9	840	950	850
10	1460	695	850
11	780	975	625
12	1325	555	850
13	790	670	855
14	1360	490	625
15	1135	995	855
16	760	1115	845
17	640	770	620
18	600	1125	865
19	1425	740	865
20	860	1075	860
21	715	1015	860
22	1275	920	860
23	1220	645	860
24	785	810	860
25	1190	745	860
26	675	975	620
27	790	665	860
28	775	540	850
29	1215	845	630
30	1230	825	870
31	530	805	825
32	555	975	640
33	845	910	825
34	1075	840	825
35	1175	435	645
36	970	1030	820
37	995	1150	825
38	1060	965	820
39	1055	960	820
40	1045	950	820
41	770	830	645
42	920	955	825
43	1305	790	640
44	1340	480	830
45	725	910	845
46	960	1095	835
47	955	795	845
48	1205	770	845
49	985	620	845
50	550	715	840
51	935	840	635
52	1195	590	835
53	885	1050	835
54	520	910	835
55	1250	865	835
56	1200	835	835
57	1180	790	870
58	1365	810	615
59	820	750	815
60	1220	1005	595
61	1110	760	595
62	1055	1065	900
63	1235	890	595
64	1440	950	900
65	725	1115	595
66	1070	460	910
67	915	1075	895
68	840	1030	895
69	1255	880	895
70	660	760	895
71	785	545	905
72	1195	845	920
73	1220	655	920
74	1040	1145	890
75	810	595	930
76	1110	890	935
77	630	645	580
78	555	965	580
79	1250	990	930
80	685	430	930
81	975	870	920
82	540	575	925
83	1095	840	585
84	1440	875	585
85	1235	445	590
86	760	920	600
87	1455	935	600
88	1195	1140	870
89	870	395	880
90	535	455	885
91	1035	1010	880
92	1215	930	880
93	1095	640	880
94	705	1120	875
95	1325	780	885
96	570	515	875
97	1010	455	875
98	780	1170	870
99	975	800	615
100	1405	595	885
101	1050	1020	605
102	1105	1015	885
103	1150	490	605
104	830	640	890
105	1080	970	890
106	1175	830	890
107	840	770	605
108	825	645	890
109	685	870	605
110	1035	1145	885
111	705	475	890
112	760	915	605
113	1080	915	605
114	1460	935	605
115	940	1040	815
116	780	1160	810
117	630	865	575
118	800	570	690
119	710	940	685
120	785	985	685
121	1100	985	745
122	1050	775	745
123	615	775	745
124	1050	810	750
125	570	745	745
126	1355	695	745
127	605	590	745
128	1275	435	745
129	1045	805	750
130	1200	980	750
131	1105	980	750
132	1150	400	740
133	1400	820	755
134	1325	865	755
135	1275	425	685
136	855	450	685
137	915	465	685
138	1445	550	685
139	595	1060	750
140	645	725	755
141	650	595	685
142	535	685	755
143	780	1145	750
144	860	1050	740
145	1175	1065	735
146	960	1195	755
147	1035	515	715
148	725	1140	715
149	930	870	715
150	665	770	715
151	700	1045	700
152	1035	975	710
153	760	695	725
154	1210	895	710
155	1240	665	710
156	1160	615	710
157	635	820	705
158	1250	380	720
159	1155	720	725
160	705	685	700
161	1045	790	735
162	660	875	730
163	790	650	735
164	1005	675	695
165	570	1000	730
166	1380	900	730
167	560	840	695
168	1345	910	725
169	575	640	730
170	815	940	695
171	1400	945	695
172	960	1185	695
173	815	950	755
174	750	785	680
175	1405	940	810
176	1095	860	785
177	1120	915	790
178	795	905	790
179	760	1105	785
180	1120	920	785
181	970	855	785
182	940	1000	790
183	975	850	785
184	890	430	785
185	1080	920	665
186	1410	940	780
187	840	940	790
188	650	460	795
189	1055	1040	790
190	1050	1030	665
191	1235	655	655
192	1055	925	810
193	1135	1115	805
194	1015	1085	805
195	615	785	805
196	900	905	800
197	1325	540	795
198	1120	795	800
199	1405	780	655
200	685	445	800
201	875	1145	795
202	885	780	780
203	670	780	780
204	1050	740	680
205	1075	830	765
206	1240	675	770
207	555	595	770
208	1180	920	765
209	845	900	765
210	700	1060	760
211	990	895	770
212	1180	925	760
213	1105	855	760
214	870	695	680
215	1255	750	760
216	1230	940	675
217	750	825	675
218	1240	920	770
219	890	775	780
220	1020	935	775
221	1115	530	780
222	1160	1155	775
223	1055	1025	670
224	1080	1055	670
225	1025	740	775
226	1365	820	675
227	1195	580	775
228	1115	535	775
229	1260	710	675
230	850	1090	770
231	1375	870	575
232	1050	825	865
233	1390	780	525
234	1375	675	960
235	670	425	960
236	950	695	1010
237	1375	460	960
238	530	570	960
239	555	735	960
240	565	640	1010
241	880	1030	955
242	1005	815	1115
243	600	920	560
244	950	900	560
245	1275	795	960
246	675	745	565
247	1050	725	475
248	1440	960	960
249	1205	1015	1015
250	1070	725	950
251	665	710	570
252	1055	940	950
253	690	755	535
254	725	550	1130
255	1165	595	1130
256	1320	810	1070
257	980	925	565
258	1080	870	1015
259	1005	950	1120
260	1065	935	955
261	1015	905	505
262	660	735	965
263	1325	580	965
264	605	655	1135
265	755	1055	545
266	1165	910	970
267	1220	725	555
268	1055	865	485
269	755	905	545
270	720	835	490
271	1215	770	990
272	845	590	1090
273	1400	515	985
274	1115	885	550
275	720	845	550
276	870	620	985
277	950	755	495
278	1015	475	995
279	645	565	505
280	880	605	480
281	930	845	540
282	1395	905	475
283	845	650	560
284	1105	895	965
285	1145	890	1085
286	1305	995	965
287	565	545	1090
288	920	530	1105
289	1005	630	485
290	1075	780	500
291	1180	900	555
292	1200	620	950
293	600	915	565
294	1210	1010	985
295	1230	635	1160
296	1165	660	945
297	735	630	530
298	665	705	575
299	1130	675	520
300	735	1000	525
301	565	725	440
302	1100	1030	945
303	1250	1010	1050
304	625	635	520
305	755	665	430
306	825	815	445
307	1030	420	1035
308	695	790	530
309	845	890	520
310	935	830	575
311	1300	805	420
312	920	1125	940
313	980	750	1030
314	1340	540	525
315	670	725	445
316	660	500	1040
317	1145	900	1140
318	585	837.5	795
319	522.5	545	840
320	1165	622.5	530
321	1457.5	945	665
322	1217.5	1015	655
323	1030	642.5	1085
324	905	657.5	505
325	862.5	985	755
326	1187.5	735	800
327	672.5	1135	680
328	727.5	1165	835
329	627.5	1000	520
330	760	817.5	495
331	807.5	990	780
332	915	987.5	790
333	752.5	575	630
334	1427.5	635	850
335	1097.5	495	630
336	597.5	1075	625
337	845	882.5	525
338	1185	667.5	495
339	727.5	530	665
340	1095	522.5	990
341	735	557.5	1095
342	1002.5	690	750
343	1060	1035	792.5
344	1105	435	852.5
345	932.5	490	530
346	842.5	775	660
347	602.5	945	495
348	927.5	710	530
349	1212.5	430	795
350	1252.5	1000	990
351	715	597.5	685
352	1115	777.5	685
353	1035	877.5	845
354	1010	767.5	495
355	1150	412.5	795
356	885	1037.5	780
357	1285	772.5	760
358	1060	1022.5	765
359	1075	975	837.5
360	1245	687.5	825
361	1050	737.5	535
362	1477.5	630	825
363	577.5	550	1060
364	605	495	817.5
365	730	800	827.5
366	905	927.5	675
367	970	807.5	515
368	1427.5	875	770
369	1205	982.5	810
370	672.5	435	1020
371	1180	712.5	820
372	997.5	465	1025
373	1185	972.5	1050
374	777.5	625	650
375	1117.5	525	535
376	1160	605	652.5
377	1250	390	777.5
378	1155	1022.5	770
379	930	397.5	820
380	770	602.5	775
381	537.5	695	815
382	557.5	845	510
383	810	712.5	820
384	1160	1017.5	775
385	785	577.5	1095
386	1080	957.5	835
387	712.5	505	1075
388	1170	817.5	830
389	660	602.5	770
390	550	1117.5	830
391	770	850	767.5
392	1322.5	1015	815
393	560	607.5	830
394	830	755	782.5
395	1207.5	720	520
396	600	605	1082.5
397	800	762.5	420
398	830	1047.5	805
399	520	532.5	780
400	1215	917.5	825
401	1022.5	745	770
402	625	985	642.5
403	670	640	1017.5
404	750	560	812.5
405	895	942.5	825
406	1172.5	540	810
407	552.5	970	825
408	1125	825	1032.5
409	622.5	520	540
410	742.5	890	515
411	1055	475	1057.5
412	687.5	455	860
413	942.5	1160	850
414	1040	957.5	685
415	655	922.5	595
416	817.5	700	465
417	962.5	1105	895
418	525	557.5	900
419	645	1052.5	725
420	1275	900	952.5
421	632.5	435	955
422	572.5	1005	725
423	1150	507.5	905
424	550	870	907.5
425	822.5	605	595
426	1350	635	987.5
427	1205	582.5	1135
428	845	872.5	465
429	777.5	1110	570
430	685	642.5	735
431	777.5	1135	690
432	957.5	1075	955
433	605	497.5	695
434	1232.5	695	735
435	1345	692.5	955
436	1017.5	735	1130
437	1117.5	565	955
438	952.5	895	565
439	825	547.5	1130
440	1037.5	520	955
441	1407.5	930	725
442	1335	747.5	1140
443	1125	697.5	725
444	1040	1002.5	885
445	1385	857.5	580
446	535	465	947.5
447	905	895	437.5
448	1315	982.5	580
449	1240	930	582.5
450	1020	737.5	710
451	1045	877.5	930
452	1332.5	770	580
453	540	717.5	935
454	1055	807.5	935
455	1135	1075	577.5
456	1122.5	1025	710
457	1025	732.5	715
458	552.5	595	585
459	912.5	1045	720
460	1425	560	952.5
461	1405	772.5	590
462	1452.5	600	920
463	660	487.5	575
464	582.5	820	920
465	1027.5	695	720
466	867.5	700	585
467	1175	562.5	925
468	1155	857.5	585
469	865	615	927.5
470	1340	762.5	585
471	710	587.5	565
472	652.5	700	600
473	1105	972.5	690
474	707.5	935	690
475	1410	842.5	970
476	1395	450	692.5
477	710	755	867.5
478	710	950	747.5
479	1175	1047.5	615
480	645	662.5	610
481	1040	1012.5	970
482	787.5	1015	615
483	980	847.5	870
484	800	500	1107.5
485	1350	962.5	860
486	690	685	977.5
487	1312.5	715	555
488	1000	682.5	690
489	1365	747.5	980
490	1347.5	670	625
491	1175	577.5	985
492	1195	875	857.5
493	1170	527.5	750
494	1135	982.5	785
495	1365	720	862.5
496	1045	1032.5	975
497	1045	1012.5	975
498	1125	815	977.5
499	927.5	660	1110
500	1065	542.5	620
501	562.5	875	875
502	810	377.5	880
503	690	825	742.5
504	1192.5	960	960
505	715	600	742.5
506	1147.5	740	690
507	607.5	600	615
508	1155	1045	877.5
509	1142.5	925	610
510	600	467.5	885
511	1050	782.5	740
512	587.5	600	1115
513	690	908.3333333	783.3333333
514	731.6666667	633.3333333	525
515	1338.333333	458.3333333	715
516	650	598.3333333	1053.333333
517	1403.333333	923.3333333	665
518	1371.666667	965	493.3333333
519	548.3333333	1095	711.6666667
520	1421.666667	583.3333333	1065
521	738.3333333	473.3333333	1050
522	965	671.6666667	506.6666667
523	1208.333333	675	1051.666667
524	1238.333333	461.6666667	710
525	718.3333333	845	733.3333333
526	838.3333333	745	428.3333333
527	626.6666667	633.3333333	705
528	1385	638.3333333	513.3333333
529	1033.333333	846.6666667	785
530	1255	711.6666667	431.6666667
531	1098.333333	958.3333333	470
532	798.3333333	576.6666667	750
533	670	618.3333333	526.6666667
534	625	996.6666667	701.6666667
535	1325	603.3333333	1083.333333
536	1200	976.6666667	783.3333333
537	750	796.6666667	741.6666667
538	1203.333333	973.3333333	755
539	666.6666667	543.3333333	1095
540	726.6666667	740	718.3333333
541	818.3333333	710	523.3333333
542	1178.333333	515	1056.666667
543	1040	781.6666667	1086.666667
544	1305	813.3333333	728.3333333
545	930	950	460
546	706.6666667	483.3333333	700
547	1153.333333	883.3333333	680
548	918.3333333	573.3333333	515
549	741.6666667	588.3333333	1090
550	1263.333333	513.3333333	730
551	740	901.6666667	756.6666667
552	548.3333333	1105	771.6666667
553	1313.333333	966.6666667	770
554	833.3333333	1141.666667	725
555	630	556.6666667	1091.666667
556	681.6666667	681.6666667	725
557	838.3333333	791.6666667	775
558	1216.666667	510	518.3333333
559	1095	735	720
560	985	896.6666667	1096.666667
561	693.3333333	551.6666667	720
562	1326.666667	638.3333333	720
563	913.3333333	1055	778.3333333
564	1040	971.6666667	741.6666667
565	566.6666667	513.3333333	690
566	938.3333333	1130	671.6666667
567	1198.333333	745	723.3333333
568	1151.666667	718.3333333	485
569	761.6666667	943.3333333	720
570	1170	930	1055
571	1136.666667	563.3333333	685
572	1300	523.3333333	943.3333333
573	1060	1011.666667	706.6666667
574	573.3333333	1015	788.3333333
575	566.6666667	418.3333333	955
576	1125	721.6666667	841.6666667
577	618.3333333	921.6666667	900
578	1035	856.6666667	841.6666667
579	1135	991.6666667	843.3333333
580	778.3333333	1121.666667	630
581	870	961.6666667	598.3333333
582	836.6666667	1165	843.3333333
583	575	538.3333333	998.3333333
584	745	915	630
585	1098.333333	871.6666667	845
586	1246.666667	733.3333333	995
587	970	821.6666667	636.6666667
588	743.3333333	901.6666667	570
589	585	931.6666667	896.6666667
590	1398.333333	933.3333333	635
591	633.3333333	656.6666667	640
592	1165	648.3333333	888.3333333
593	1206.666667	663.3333333	1000
594	1101.666667	883.3333333	905
595	606.6666667	738.3333333	995
596	993.3333333	861.6666667	540
597	771.6666667	870	638.3333333
598	1055	1058.333333	838.3333333
599	778.3333333	550	908.3333333
600	915	1066.666667	836.6666667
601	573.3333333	640	546.6666667
602	991.6666667	866.6666667	600
603	651.6666667	690	543.3333333
604	538.3333333	706.6666667	875
605	940	1051.666667	871.6666667
606	976.6666667	741.6666667	970
607	1073.333333	606.6666667	970
608	1231.666667	948.3333333	965
609	775	426.6666667	961.6666667
610	756.6666667	703.3333333	605
611	631.6666667	1073.333333	875
612	1368.333333	733.3333333	560
613	1148.333333	518.3333333	965
614	558.3333333	1021.666667	880
615	636.6666667	923.3333333	870
616	630	811.6666667	891.6666667
617	763.3333333	828.3333333	555
618	1001.666667	935	991.6666667
619	918.3333333	996.6666667	850
620	646.6666667	1065	786.6666667
621	578.3333333	871.6666667	600
622	1110	626.6666667	553.3333333
623	953.3333333	903.3333333	625
624	1343.333333	678.3333333	895
625	1203.333333	1006.666667	955
626	720	743.3333333	628.3333333
627	673.3333333	1125	621.6666667
628	1015	1093.333333	863.3333333
629	1175	935	705
630	730	763.3333333	838.3333333
631	1188.333333	948.3333333	905
632	590	558.3333333	838.3333333
633	756.6666667	496.6666667	885
634	815	963.3333333	813.3333333
635	760	933.3333333	658.3333333
636	870	403.3333333	938.3333333
637	1233.333333	706.6666667	795
638	1391.666667	786.6666667	585
639	1331.666667	913.3333333	805
640	595	833.3333333	948.3333333
641	528.3333333	1061.666667	810
642	601.6666667	1111.666667	805
643	1138.333333	585	803.3333333
644	1366.666667	523.3333333	800
645	1276.666667	495	1036.666667
646	1061.666667	941.6666667	930
647	1343.333333	680	533.3333333
648	858.3333333	1061.666667	800
649	1053.333333	788.3333333	800
650	1350	623.3333333	933.3333333
651	1365	751.6666667	946.6666667
652	801.6666667	601.6666667	930
653	1436.666667	881.6666667	580
654	1013.333333	466.6666667	935
655	561.6666667	533.3333333	1030
656	675	513.3333333	818.3333333
657	940	1150	790
658	810	1071.666667	641.6666667
659	1105	866.6666667	816.6666667
660	690	763.3333333	593.3333333
661	1271.666667	873.3333333	535
662	735	863.3333333	578.3333333
663	928.3333333	971.6666667	640
664	1053.333333	688.3333333	1045
665	705	851.6666667	821.6666667
666	1048.333333	745	591.6666667
667	1370	971.6666667	801.6666667
668	1348.333333	376.6666667	820
669	733.3333333	453.3333333	925
670	983.3333333	888.3333333	1035
671	1060	1001.666667	646.6666667
672	1096.25	1037.5	938.75
673	678.75	1001.25	737.5
674	937.5	1140	732.5
675	661.25	1022.5	886.25
676	932.5	417.5	940
677	1145	857.5	942.5
678	590	972.5	890
679	1082.5	842.5	940
680	1426.25	757.5	893.75
681	1297.5	477.5	710
682	575	777.5	927.5
683	768.75	1023.75	892.5
684	1056.25	1031.25	731.25
685	1042.5	1022.5	915
686	612.5	417.5	925
687	1188.75	408.75	953.75
688	616.25	878.75	908.75
689	1302.5	983.75	908.75
690	1401.25	502.5	928.75
691	1023.75	870	1135
692	1230	937.5	910
693	1275	732.5	1142.5
694	1082.5	402.5	950
695	968.75	636.25	1147.5
696	808.75	387.5	938.75
697	1331.25	893.75	928.75
698	625	772.5	897.5
699	792.5	892.5	730
700	1093.75	511.25	931.25
701	1225	900	917.5
702	1252.5	425	957.5
703	1401.25	716.25	927.5
704	1407.5	962.5	895
705	1201.25	997.5	896.25
706	655	477.5	917.5
707	992.5	437.5	850
708	741.25	668.75	888.75
709	1438.75	777.5	741.25
710	1388.75	897.5	816.25
711	586.25	696.25	1032.5
712	861.25	993.75	813.75
713	1016.25	948.75	775
714	707.5	1110	812.5
715	562.5	862.5	815
716	1232.5	957.5	1025
717	591.25	486.25	1038.75
718	1301.25	548.75	1058.75
719	1047.5	432.5	820
720	958.75	482.5	1021.25
721	737.5	1060	822.5
722	1163.75	637.5	828.75
723	1056.25	902.5	808.75
724	675	757.5	807.5
725	1270	795	1007.5
726	732.5	547.5	1035
727	580	652.5	792.5
728	1265	730	792.5
729	1348.75	646.25	1046.25
730	761.25	703.75	787.5
731	551.25	483.75	788.75
732	1051.25	758.75	798.75
733	695	555	781.25
734	610	602.5	802.5
735	1202.5	756.25	783.75
736	1096.25	745	780
737	640	557.5	807.5
738	1126.25	708.75	783.75
739	1242.5	932.5	825
740	1083.75	878.75	1077.5
741	1243.75	942.5	883.75
742	600	1098.75	745
743	655	502.5	850
744	1058.75	816.25	991.25
745	687.5	442.5	990
746	867.5	1113.75	851.25
747	1027.5	407.5	975
748	1040	897.5	975
749	1183.75	965	990
750	1403.75	953.75	865
751	1117.5	787.5	745
752	671.25	913.75	873.75
753	1297.5	772.5	1105
754	1107.5	877.5	875
755	527.5	1050	750
756	1127.5	467.5	755
757	1083.75	413.75	1007.5
758	1347.5	362.5	760
759	837.5	460	1082.5
760	1161.25	627.5	768.75
761	997.5	1032.5	760
762	680	540	1002.5
763	1177.5	702.5	760
764	653.75	1117.5	838.75
765	1117.5	680	847.5
766	772.5	407.5	840
767	1266.25	918.75	1088.75
768	807.5	1002.5	840
769	562.5	852.5	755
770	578.75	1066.25	841.25
771	843.75	581.25	1028.75
772	882.5	842.5	415
773	1177.5	912.5	705
774	1237.5	452.5	650
775	646.25	678.75	483.75
776	581.25	883.75	658.75
777	618.75	726.25	656.25
778	726.25	1128.75	653.75
779	1223.75	731.25	551.25
780	623.75	621.25	646.25
781	673.75	640	645
782	1418.75	493.75	660
783	682.5	1005	552.5
784	1282.5	725	555
785	1071.25	791.25	557.5
786	735	660	642.5
787	695	778.75	470
788	1266.25	828.75	542.5
789	1327.5	627.5	660
790	617.5	730	472.5
791	1326.25	896.25	688.75
792	1322.5	627.5	510
793	595	686.25	510
794	557.5	986.25	698.75
795	597.5	1087.5	685
796	1288.75	902.5	688.75
797	1196.25	823.75	533.75
798	793.75	433.75	683.75
799	577.5	1032.5	660
800	800	677.5	675
801	947.5	775	670
802	545	692.5	537.5
803	611.25	833.75	668.75
804	687.5	887.5	480
805	706.25	922.5	631.25
806	1422.5	852.5	650
807	1132.5	802.5	560
808	597.5	682.5	695
809	957.5	882.5	600
810	703.75	1061.25	573.75
811	1322.5	857.5	445
812	601.25	927.5	621.25
813	1090	843.75	580
814	732.5	642.5	585
815	907.5	797.5	575
816	700	802.5	585
817	1153.75	993.75	592.5
818	1072.5	793.75	706.25
819	1177	1056	677
820	677	989	678
821	1296	457	593
822	739	579	1029
823	1341	468	775
824	1381	533	590
825	593	733	1026
826	993	502	531
827	672	628	584
828	896	467	1023
829	1093	767	921
830	1073	804	765
831	553	636	1043
832	602	578	684
833	1226	818	1037
834	1137	574	743
835	1048	749	740
836	757	614	932
837	1028	682	511
838	575	691	1064
839	1369	871	930
840	637	594	1087
841	1154	891	741
842	707	736	748
843	1398	528	1043
844	1351	682	685
845	1396	912	538
846	696	487	1045
847	572	527	937
848	981	587	518
849	1004	943	1055
850	1032	821	519
851	777	436	1022
852	607	492	1007
853	981	1008	912
854	1313	991	642
855	600	864	879
856	1277	482	981
857	1396	579	825
858	657	488	979
859	1404	587	615
860	1078	829	880
861	1317	498	559
862	1251	400	836
863	1448	677	820
864	816	970	623
865	1039	948	627
866	1288	893	629
867	620	514	847
868	907	919	617
869	647	573	564
870	597	697	569
871	1369	974	554
872	647	809	612
873	834	1153	785
874	678	1013	799
875	1017	897	603
876	1274	445	801
877	1228	773	544
878	1352	976	885
879	843	681	795
880	633	878	633
881	777	659	892
882	1302	537	1001
883	949	763	552
884	735	1011	584
885	998	1161	883
886	1263	718	734
887	656	933	655
888	552	714	657
889	562	618	889
890	821	613	655
891	564	868	630
892	884	873	650
893	1440	898	703
894	883	882	708
895	1372	407	724
896	828	744	723
897	1464	705	724
898	952	433	724
899	1217	491	1092
900	657	938	469
901	642	787	496
902	1313	694	1123
903	1277	764	455
904	1264	598	1137
905	1421	863	710
906	883	564	1128
907	1222.5	805	982.5
908	1062.5	826.6666667	1051.666667
909	1074.166667	814.1666667	821.6666667
910	933.3333333	890	806.6666667
911	925.8333333	750.8333333	817.5
912	799.1666667	583.3333333	810
913	1217.5	858.3333333	688.3333333
914	767.5	972.5	652.5
915	1115.833333	911.6666667	728.3333333
916	1235.833333	900.8333333	653.3333333
917	1287.5	568.3333333	753.3333333
918	582.5	896.6666667	716.6666667
919	1217.5	866.6666667	746.6666667
920	996.6666667	854.1666667	638.3333333
921	891.6666667	437.5	843.3333333
922	613.3333333	541.6666667	1062.5
923	643.3333333	797.5	556.6666667
924	730.8333333	535.8333333	973.3333333
925	1407.5	951.6666667	836.6666667
926	1291.666667	913.3333333	747.5
927	1163.333333	902.5	910
928	884.1666667	902.5	825.8333333
929	551.6666667	623.3333333	982.5
930	658.3333333	969.1666667	834.1666667
931	1387.5	875	702.5
932	1151.666667	446.6666667	977.5
933	731.6666667	791.6666667	767.5
934	931.6666667	958.3333333	522.5
935	1286.666667	582.5	808.3333333
936	812.5	398.3333333	998.3333333
937	692.5	663.3333333	488.3333333
938	1262.5	527.5	785
939	792.5	883.3333333	668.3333333
940	548.3333333	836.6666667	727.5
941	1192.5	970	1020
942	650.8333333	486.6666667	788.3333333
943	1389.166667	885.8333333	760
944	612.5	767.5	930
945	630.8333333	648.3333333	762.5
946	603.3333333	941.6666667	677.5
947	1065.833333	553.3333333	680.8333333
948	691.6666667	571.6666667	714.1666667
949	657.5	958.3333333	773.3333333
950	626.6666667	1008.333333	762.5
951	862.5	1078.333333	673.3333333
952	809.1666667	701.6666667	760.8333333
953	1301.666667	963.3333333	792.5
954	1046.666667	562.5	1008.333333
955	945	582.5	1125
956	742.5	786.6666667	591.6666667
957	969.1666667	1078.333333	684.1666667
958	835	515	549.1666667
959	1452.5	790	527.5
960	1284.166667	950.8333333	996.6666667
961	751.6666667	580.8333333	689.1666667
962	801.6666667	774.1666667	478.3333333
963	572.5	758.3333333	803.3333333
964	1018.333333	907.5	661.6666667
965	788.3333333	657.5	796.6666667
966	621.6666667	753.3333333	592.5
967	539.1666667	953.3333333	795.8333333
968	992.5	678.3333333	1108.333333
969	975.8333333	1116.666667	919.1666667
970	690.8333333	465.8333333	921.6666667
971	687.5	541.6666667	599.1666667
972	933.3333333	1021.666667	932.5
973	637.5	831.6666667	767.5
974	1043.333333	543.3333333	892.5
975	747.5	968.3333333	868.3333333
976	1150.833333	775.8333333	865
977	780.8333333	762.5	624.1666667
978	643.3333333	492.5	1071.666667
979	1447.5	560	741.6666667
980	1202.5	846.6666667	894.1666667
981	1372.5	443.3333333	901.6666667
982	969.1666667	1068.333333	624.1666667
983	1366.666667	983.3333333	617.5
984	1410	837.5	875
985	701.6666667	582.5	965
986	1017.5	842.5	955
987	1350	819.1666667	875.8333333
988	560.8333333	856.6666667	570.8333333
989	975.8333333	979.1666667	736.6666667
990	552.5	722.5	902.5
991	1247.5	975.8333333	873.3333333
992	606.6666667	507.5	878.3333333
993	635	460	887.5
994	604.1666667	484.1666667	636.6666667
995	537.5	965	856.6666667
996	1183.333333	955	933.3333333
997	863.3333333	822.5	626.6666667
998	1134.166667	628.3333333	1060.833333
999	994.1666667	788.3333333	933.3333333
1000	1190.833333	715.8333333	968.3333333
1001	1339.166667	715	968.3333333
1002	685	1067.5	848.3333333
1003	1217.5	876.6666667	561.6666667
1004	772.5	621.6666667	896.6666667
1005	812.5	470	585
1006	772.5	416.6666667	901.6666667
1007	1266.666667	740.8333333	851.6666667
1008	602.5	480.8333333	945.8333333
1009	1018.333333	925.8333333	744.1666667
1010	1045	551.4285714	950
1011	727.8571429	752.1428571	777.1428571
1012	647.8571429	677.1428571	667.1428571
1013	1135.714286	939.2857143	572.8571429
1014	1237.857143	910.7142857	712.8571429
1015	757.1428571	507.1428571	947.1428571
1016	564.2857143	629.2857143	950.7142857
1017	1170	790	895
1018	755	676.4285714	491.4285714
1019	715	820.7142857	613.5714286
1020	592.8571429	822.8571429	887.8571429
1021	942.8571429	625.7142857	540
1022	612.1428571	612.8571429	677.1428571
1023	597.8571429	592.1428571	1022.142857
1024	1387.142857	923.5714286	900
1025	1252.142857	412.1428571	897.1428571
1026	1315.714286	882.8571429	892.8571429
1027	836.4285714	1006.428571	777.8571429
1028	1112.857143	1062.857143	778.5714286
1029	562.1428571	762.8571429	897.8571429
1030	860.7142857	512.8571429	1106.428571
1031	846.4285714	1071.428571	886.4285714
1032	710.7142857	494.2857143	1013.571429
1033	1197.142857	477.1428571	612.8571429
1034	715.7142857	707.8571429	452.8571429
1035	675	678.5714286	1011.428571
1036	1460.714286	693.5714286	665
1037	756.4285714	1066.428571	606.4285714
1038	646.4285714	467.8571429	728.5714286
1039	886.4285714	753.5714286	608.5714286
1040	1082.857143	984.2857143	950
1041	712.1428571	507.8571429	882.8571429
1042	892.1428571	1017.857143	622.8571429
1043	662.1428571	825.7142857	642.1428571
1044	1385.714286	865	642.1428571
1045	973.5714286	859.2857143	862.8571429
1046	1118.571429	797.8571429	860
1047	1082.142857	990	977.8571429
1048	617.1428571	427.8571429	987.8571429
1049	737.8571429	462.8571429	987.8571429
1050	730	525.7142857	913.5714286
1051	1236.428571	810	961.4285714
1052	915.7142857	1073.571429	647.8571429
1053	552.8571429	497.1428571	847.1428571
1054	1292.857143	927.1428571	557.1428571
1055	625.7142857	529.2857143	599.2857143
1056	737.1428571	875.7142857	637.1428571
1057	832.1428571	422.1428571	842.1428571
1058	670	719.2857143	631.4285714
1059	739.2857143	762.1428571	475
1060	1427.857143	642.1428571	640.7142857
1061	1297.142857	500	824.2857143
1062	1296.428571	465	653.5714286
1063	814.2857143	1122.142857	877.8571429
1064	1370	742.8571429	619.2857143
1065	1035	887.8571429	921.4285714
1066	847.1428571	904.2857143	577.1428571
1067	675.7142857	520.7142857	879.2857143
1068	758.5714286	717.8571429	660.7142857
1069	893.5714286	1022.142857	871.4285714
1070	707.8571429	717.1428571	877.1428571
1071	1220	878.5714286	802.1428571
1072	1070.714286	798.5714286	616.4285714
1073	1362.857143	592.8571429	549.2857143
1074	587.1428571	557.8571429	652.8571429
1075	1065	950.7142857	988.5714286
1076	1287.142857	781.4285714	820.7142857
1077	547.1428571	702.8571429	597.8571429
1078	1236.428571	483.5714286	818.5714286
1079	770.7142857	839.2857143	705.7142857
1080	755.7142857	689.2857143	547.8571429
1081	572.8571429	767.1428571	867.1428571
1082	803.5714286	591.4285714	870
1083	1201.428571	986.4285714	841.4285714
1084	1070	462.8571429	720.7142857
1085	912.8571429	472.1428571	747.1428571
1086	740	888.5714286	695.7142857
1087	863.5714286	829.2857143	684.2857143
1088	687.8571429	587.1428571	1057.142857
1089	1320.714286	529.2857143	734.2857143
1090	618.5714286	647.1428571	1044.285714
1091	997.1428571	926.4285714	933.5714286
1092	1132.142857	522.8571429	1052.857143
1093	752.1428571	577.1428571	937.1428571
1094	1087.142857	584.2857143	586.4285714
1095	656.4285714	637.1428571	1050
1096	1143.571429	946.4285714	727.1428571
1097	862.1428571	837.8571429	742.8571429
1098	1093.571429	906.4285714	927.1428571
1099	1437.142857	763.5714286	684.2857143
1100	672.1428571	734.2857143	506.4285714
1101	975	821.4285714	695
1102	592.1428571	790.7142857	707.1428571
1103	972.1428571	1087.857143	742.8571429
1104	890.7142857	1000.714286	754.2857143
1105	712.1428571	942.8571429	502.8571429
1106	757.1428571	1090.714286	726.4285714
1107	1360	777.8571429	1044.285714
1108	568.5714286	880	688.5714286
1109	905.7142857	937.1428571	732.8571429
1110	1388.571429	566.4285714	766.4285714
1111	1215	621.4285714	505
1112	762.5	527.5	1072.5
1113	1250	827.5	570
1114	587.5	473.75	978.125
1115	778.125	746.875	570
1116	750.625	570	873.75
1117	542.5	588.75	803.125
1118	565	737.5	498.75
1119	1378.125	889.375	671.25
1120	677.5	530	941.875
1121	1237.5	940	642.5
1122	1103.75	572.5	1041.875
1123	930	859.375	658.125
1124	1326.25	593.125	1022.5
1125	1040	535	834.375
1126	1172.5	532.5	572.5
1127	1287.5	883.75	567.5
1128	1346.875	915	781.875
1129	555	607.5	643.75
1130	1018.125	554.375	556.25
1131	546.25	601.875	862.5
1132	1153.75	725	544.375
1133	1423.75	571.875	1007.5
1134	657.5	722.5	907.5
1135	1138.125	1091.25	697.5
1136	582.5	662.5	852.5
1137	820.625	620.625	715
1138	626.25	550.625	841.25
1139	557.5	520.625	969.375
1140	687.5	892.5	725
1141	555	728.125	716.875
1142	638.125	688.75	1006.875
1143	739.375	651.25	763.125
1144	712.5	953.75	562.5
1145	1240.625	545	1113.75
1146	1202.5	766.25	1017.5
1147	915.625	490	865.625
1148	794.375	459.375	861.875
1149	972.5	467.5	627.5
1150	908.125	815	691.875
1151	605.625	976.25	858.75
1152	868.125	955	788.125
1153	1240	563.125	543.125
1154	1244.375	719.375	1004.375
1155	911.25	967.5	908.125
1156	793.125	443.75	742.5
1157	1245	965	814.375
1158	748.125	928.125	688.125
1159	1346.25	582.5	760.625
1160	627.5	540	658.75
1161	838.75	1024.375	648.125
1162	937.5	542.5	887.5
1163	1038.75	525	774.375
1164	1187.5	675	553.75
1165	577.5	652.5	607.5
1166	1373.75	752.5	678.125
1167	1297.5	487.5	767.5
1168	1109.375	468.75	1031.25
1169	1015	481.875	811.875
1170	1215	477.5	1035
1171	895	528.75	549.375
1172	587.5	782.5	462.5
1173	1187.5	397.5	892.5
1174	1065	565	739.375
1175	1113.125	896.25	607.5
1176	958.125	955	889.375
1177	823.75	847.5	555.625
1178	1140.625	973.75	809.375
1179	708.125	484.375	951.25
1180	782.5	567.5	1032.5
1181	1042.5	607.5	580.625
1182	892.5	447.5	902.5
1183	1235	666.875	469.375
1184	1348.125	596.25	817.5
1185	706.875	697.5	756.25
1186	883.75	892.5	766.875
1187	1127.5	477.5	817.5
1188	606.25	727.5	935
1189	882.5	612.5	537.5
1190	1025	398.125	916.875
1191	650	1068.125	600.625
1192	988.125	721.25	532.5
1193	1398.75	918.125	602.5
1194	617.5	742.5	532.5
1195	535	563.125	681.875
1196	1118.75	820.625	946.25
1197	983.125	535	1041.875
1198	1173.75	771.25	508.75
1199	1297.5	512.5	882.5
1200	1377.5	880	611.25
1201	742.5	707.5	877.5
1202	627.5	545	1030
1203	906.1111111	663.3333333	561.6666667
1204	865.5555556	1102.222222	792.7777778
1205	692.7777778	775.5555556	652.7777778
1206	655.5555556	713.8888889	845.5555556
1207	1007.222222	588.3333333	1062.222222
1208	1136.111111	1083.333333	636.6666667
1209	1246.111111	857.2222222	1003.888889
1210	1150.555556	497.7777778	663.3333333
1211	586.1111111	683.8888889	972.2222222
1212	901.6666667	697.7777778	797.2222222
1213	797.2222222	468.3333333	922.2222222
1214	559.4444444	1010	818.8888889
1215	683.3333333	796.1111111	800
1216	770	613.3333333	835
1217	558.3333333	997.7777778	757.7777778
1218	1148.888889	763.3333333	806.6666667
1219	817.7777778	501.6666667	822.7777778
1220	645.5555556	592.7777778	801.6666667
1221	865	725	760
1222	707.7777778	498.3333333	822.7777778
1223	627.2222222	1021.666667	822.7777778
1224	1174.444444	443.8888889	703.8888889
1225	549.4444444	857.7777778	847.2222222
1226	628.3333333	1012.777778	577.7777778
1227	1257.777778	484.4444444	556.6666667
1228	1211.666667	452.7777778	917.2222222
1229	1306.666667	851.6666667	718.8888889
1230	1112.777778	1072.222222	838.3333333
1231	1289.444444	813.3333333	996.6666667
1232	722.2222222	661.6666667	917.2222222
1233	837.7777778	1018.333333	837.2222222
1234	908.3333333	912.7777778	557.7777778
1235	586.6666667	462.2222222	917.2222222
1236	1054.444444	872.2222222	545
1237	1213.888889	466.1111111	977.7777778
1238	1122.222222	807.2222222	919.4444444
1239	1313.888889	871.1111111	836.1111111
1240	948.8888889	806.1111111	838.3333333
1241	583.3333333	587.7777778	1052.777778
1242	570.5555556	527.7777778	751.6666667
1243	777.2222222	720	454.4444444
1244	929.4444444	647.7777778	1047.777778
1245	668.3333333	853.8888889	576.6666667
1246	1273.333333	902.2222222	712.7777778
1247	658.3333333	948.8888889	528.3333333
1248	955	933.8888889	771.6666667
1249	679.4444444	757.7777778	622.2222222
1250	1367.777778	976.1111111	860
1251	693.8888889	788.8888889	712.2222222
1252	927.2222222	981.6666667	697.7777778
1253	1293.333333	947.2222222	677.7777778
1254	721.6666667	625.5555556	927.2222222
1255	1181.666667	645.5555556	621.1111111
1256	1027.777778	691.6666667	567.7777778
1257	1265.555556	907.7777778	1028.333333
1258	657.2222222	947.2222222	713.3333333
1259	947.7777778	769.4444444	612.2222222
1260	1323.333333	635	568.8888889
1261	713.3333333	613.8888889	678.3333333
1262	872.7777778	484.4444444	586.6666667
1263	1115.555556	948.8888889	882.2222222
1264	1198.333333	969.4444444	693.8888889
1265	1000.555556	1050.555556	877.2222222
1266	854.4444444	456.1111111	744.4444444
1267	1156.666667	671.6666667	1026.111111
1268	1057.777778	930	871.6666667
1269	605.5555556	642.7777778	1077.222222
1270	871.1111111	966.6666667	848.3333333
1271	1144.444444	734.4444444	871.1111111
1272	823.3333333	830	500
1273	603.3333333	952.7777778	737.7777778
1274	1025.555556	987.7777778	1011.111111
1275	651.6666667	857.7777778	852.2222222
1276	788.8888889	1028.333333	676.6666667
1277	1346.666667	687.7777778	592.7777778
1278	811.1111111	1085	701.6666667
1279	1162.222222	893.3333333	852.2222222
1280	623.3333333	683.8888889	1038.333333
1281	1278.333333	911.1111111	768.3333333
1282	1245.555556	867.2222222	1062.777778
1283	781.6666667	558.3333333	968.8888889
1284	1151.111111	423.3333333	855
1285	548.3333333	612.7777778	922.7777778
1286	579.4444444	1042.777778	722.2222222
1287	1227.777778	763.3333333	727.2222222
1288	600.5555556	707.7777778	628.3333333
1289	1301.111111	580.5555556	545.5555556
1290	1441.111111	662.7777778	760
1291	1068.333333	586.1111111	858.3333333
1292	647.7777778	588.3333333	992.2222222
1293	774.4444444	630.5555556	709.4444444
1294	663.8888889	637.2222222	763.3333333
1295	691.1111111	711.1111111	907.2222222
1296	724	858	607.5
1297	1318.5	506.5	618
1298	581.5	576.5	992
1299	683	1017.5	610.5
1300	892	1011	812.5
1301	1065.5	661	603.5
1302	696.5	684.5	607
1303	907	605.5	1087.5
1304	632.5	659	822
1305	1051.5	676	987.5
1306	1142	847.5	884
1307	1412	609.5	733.5
1308	1223.5	739	612
1309	1220	904.5	738
1310	1431.5	735.5	504
1311	608.5	969	614
1312	864.5	1090.5	733.5
1313	998	872	717.5
1314	664	842.5	518
1315	1351.5	609.5	877
1316	1174	540.5	629
1317	1264.5	616	568.5
1318	893	456	962.5
1319	583.5	919.5	836.5
1320	1147.5	751	748
1321	1176.5	583.5	862
1322	1090	852.5	640
1323	719	538	1067.5
1324	1424.5	744.5	837
1325	843	571	967.5
1326	752	586	747.5
1327	666.5	496.5	636
1328	1326	777.5	911
1329	697.5	564	842
1330	1141	578	561.5
1331	763.5	752.5	838.5
1332	1348.5	913	468.5
1333	1290	594.5	865.5
1334	937.5	506.5	649.5
1335	1438.5	888.5	642.5
1336	1293	937	618
1337	1279.5	528.5	518.5
1338	994	447.5	908
1339	935.5	500	589
1340	1095.5	1027	878.5
1341	714	966.5	620
1342	1353	966	827
1343	1016.5	725.5	1068
1344	622.5	524	907
1345	1400.5	703.5	869.5
1346	1113.5	1022	553.5
1347	703.5	618	958.5
1348	712	596.5	622.5
1349	704.5	1098	751.5
1350	736.5	571.5	968
1351	1186.5	635	1091
1352	1320.5	518	676.5
1353	716	527.5	1007
1354	1362	500.5	683
1355	1004.5	637.5	544
1356	899	1072.5	918
1357	716.5	832.5	674
1358	580.5	663.5	666.5
1359	794	450.5	802.5
1360	753.5	847.5	793.5
1361	1118.5	535	594.5
1362	885	770.5	724.5
1363	821	628	772.5
1364	604.5	965	798
1365	1046.5	668.5	930
1366	973	1097.5	801.5
1367	1037.5	982.5	768.5
1368	675.5	544.5	811.5
1369	1300	816.5	479.5
1370	550	847.5	787.5
1371	1203	688	586.5
1372	650.5	690.5	726.5
1373	1114.5	904.5	668.5
1374	802	804.5	591.5
1375	688.5	897.5	538.5
1376	1143	935.5	668.5
1377	583.5	908.5	777
1378	729.5	536	726
1379	654.5	1105.5	778.5
1380	1001	796.5	992
1381	739	1048	762.5
1382	843.6363636	560.9090909	906.3636364
1383	593.6363636	583.6363636	773.6363636
1384	573.6363636	678.6363636	1003.636364
1385	839.0909091	754.5454545	487.2727273
1386	717.7272727	608.1818182	802.2727273
1387	693.6363636	476.8181818	983.1818182
1388	584.5454545	912.7272727	592.7272727
1389	650	583.6363636	622.7272727
1390	1132.272727	679.5454545	577.7272727
1391	735.4545455	1022.272727	642.2727273
1392	1373.181818	419.0909091	783.1818182
1393	1176.818182	907.7272727	612.2727273
1394	1183.636364	817.2727273	802.7272727
1395	1097.272727	504.5454545	685.9090909
1396	645.9090909	805.4545455	800.4545455
1397	581.3636364	900.9090909	532.2727273
1398	1373.636364	431.8181818	842.7272727
1399	957.2727273	471.8181818	962.7272727
1400	1275	456.8181818	860
1401	929.0909091	715	588.1818182
1402	591.3636364	721.3636364	966.3636364
1403	970.9090909	815	576.8181818
1404	1199.545455	602.7272727	712.2727273
1405	610.9090909	1016.363636	852.7272727
1406	579.0909091	1053.636364	782.2727273
1407	1189.545455	830.9090909	860.9090909
1408	1301.818182	736.8181818	939.0909091
1409	1086.818182	714.0909091	627.7272727
1410	760.4545455	515.4545455	1009.090909
1411	1387.727273	785.4545455	853.6363636
1412	777.7272727	733.1818182	512.2727273
1413	704.0909091	1073.636364	632.2727273
1414	1374.090909	650	843.1818182
1415	706.8181818	490	762.2727273
1416	931.8181818	409.0909091	881.8181818
1417	800.4545455	488.6363636	1046.363636
1418	1016.818182	490.4545455	870.9090909
1419	995.9090909	456.8181818	966.8181818
1420	758.1818182	1078.636364	666.3636364
1421	1211.818182	440	855
1422	1317.727273	756.8181818	792.7272727
1423	1362.727273	730.9090909	828.6363636
1424	640.9090909	966.3636364	862.7272727
1425	605	956.8181818	554.5454545
1426	754.0909091	837.2727273	733.6363636
1427	1376.363636	663.6363636	901.3636364
1428	610.4545455	528.6363636	1000.909091
1429	845	656.3636364	618.6363636
1430	694.5454545	674.0909091	548.1818182
1431	592.7272727	570.9090909	898.6363636
1432	1003.636364	805.4545455	1052.727273
1433	690.4545455	551.3636364	658.1818182
1434	1295.454545	712.7272727	824.5454545
1435	671.8181818	733.1818182	689.5454545
1436	769.0909091	985.9090909	713.1818182
1437	914.5454545	480.4545455	807.2727273
1438	654.5454545	1092.727273	717.7272727
1439	997.7272727	1040.454545	817.7272727
1440	608.6363636	517.7272727	939.0909091
1441	957.7272727	541.8181818	552.7272727
1442	615.4166667	868.75	848.75
1443	1150.833333	434.1666667	917.5
1444	568.75	748.3333333	559.1666667
1445	1197.083333	960.8333333	633.3333333
1446	625.4166667	761.6666667	837.5
1447	854.5833333	464.5833333	805
1448	560	751.6666667	837.0833333
1449	1023.333333	978.3333333	951.6666667
1450	1218.75	520.4166667	578.3333333
1451	871.6666667	974.5833333	660.4166667
1452	1077.5	915.8333333	508.3333333
1453	1151.666667	530.4166667	839.5833333
1454	1252.083333	677.9166667	1124.166667
1455	1275.833333	468.3333333	921.25
1456	685.4166667	880.4166667	665
1457	1370.416667	638.3333333	784.1666667
1458	1277.5	707.5	1025
1459	673.3333333	745.8333333	748.75
1460	634.1666667	582.9166667	1024.583333
1461	1039.166667	770.8333333	1028.75
1462	802.0833333	787.9166667	535.8333333
1463	860.4166667	798.3333333	452.5
1464	1266.666667	847.9166667	663.75
1465	556.25	509.5833333	908.75
1466	1312.916667	623.75	777.5
1467	737.5	674.5833333	696.6666667
1468	811.6666667	1097.5	760.4166667
1469	725.4166667	872.0833333	666.6666667
1470	860	567.5	572.5
1471	610.8333333	837.5	485.8333333
1472	840.4166667	553.3333333	846.6666667
1473	840.4166667	782.9166667	717.9166667
1474	795	925	660.8333333
1475	1159.583333	579.1666667	1072.083333
1476	612.0833333	614.5833333	860.8333333
1477	1010	775.4166667	555.8333333
1478	1124.583333	591.6666667	887.9166667
1479	876.25	492.5	647.0833333
1480	707.5	709.1666667	815.8333333
1481	573.3333333	540.4166667	810.4166667
1482	1112.5	928.3333333	774.1666667
1483	1015.833333	830.4166667	901.25
1484	1361.25	765.4166667	984.1666667
1485	1031.25	750.8333333	912.9166667
1486	658.3333333	714.5833333	658.75
1487	1245.416667	782.5	578.3333333
1488	1340.416667	796.6666667	760.4166667
1489	1302.5	747.5	985
1490	1419.583333	733.3333333	776.6666667
1491	1019.583333	946.6666667	862.9166667
1492	617.0833333	636.25	982.5
1493	637.0833333	915	810
1494	1345.833333	940.4166667	652.9166667
1495	1193.75	576.25	538.3333333
1496	571.6666667	759.5833333	619.5833333
1497	1138.75	863.3333333	910.4166667
1498	1242.083333	572.0833333	602.9166667
1499	1166.25	896.25	882.5
1500	824.5833333	634.5833333	832.0833333
1501	716.25	718.75	511.6666667
1502	594.1666667	581.6666667	958.75
1503	1269.166667	859.1666667	721.25
1504	1367.083333	734.5833333	921.6666667
1505	740	774.1666667	532.9166667
1506	916.6666667	1095.416667	765.8333333
1507	600.4166667	695.8333333	752.9166667
1508	660.4166667	961.6666667	587.5
1509	821.6666667	729.5833333	695.4166667
1510	1310.416667	860.8333333	777.9166667
1511	841.25	672.9166667	737.5
1512	915	1085	707.9166667
1513	1397.5	462.9166667	752.0833333
1514	626.1538462	535.3846154	967.6923077
1515	919.2307692	519.2307692	1045
1516	1340.769231	549.2307692	585.3846154
1517	1336.923077	736.1538462	1082.692308
1518	943.4615385	571.5384615	1064.615385
1519	715.3846154	978.8461538	678.8461538
1520	1165.769231	631.1538462	586.5384615
1521	666.5384615	849.6153846	763.4615385
1522	590	793.0769231	522.3076923
1523	640.7692308	481.9230769	1010.769231
1524	1283.846154	545.3846154	638.8461538
1525	1451.153846	573.0769231	799.2307692
1526	558.0769231	740	775
1527	819.6153846	510	882.3076923
1528	995.7692308	904.6153846	808.4615385
1529	863.0769231	606.1538462	870.3846154
1530	640.3846154	715.3846154	937.3076923
1531	790	1042.692308	736.1538462
1532	883.8461538	650.7692308	832.3076923
1533	1020.769231	510	987.6923077
1534	1068.846154	713.8461538	895.7692308
1535	1399.615385	488.4615385	869.2307692
1536	740.7692308	660.3846154	825.3846154
1537	919.6153846	1114.615385	882.6923077
1538	1256.153846	720	491.9230769
1539	591.1538462	571.1538462	713.8461538
1540	1076.923077	517.6923077	1021.538462
1541	883.8461538	851.1538462	474.6153846
1542	638.8461538	471.1538462	948.8461538
1543	1399.230769	475	809.6153846
1544	713.8461538	518.8461538	946.1538462
1545	823.0769231	539.6153846	1069.615385
1546	615.3846154	627.6923077	734.6153846
1547	688.0769231	674.2307692	915.7692308
1548	584.2307692	673.8461538	912.3076923
1549	730.3846154	542.6923077	785.3846154
1550	1409.230769	690.3846154	539.6153846
1551	974.6153846	1107.307692	860.3846154
1552	1174.615385	455.3846154	762.6923077
1553	709.6153846	745.3846154	807.3076923
1554	813.0769231	1110.769231	819.2307692
1555	884.6153846	866.9230769	592.3076923
1556	1038.076923	1010.769231	856.5384615
1557	1263.076923	538.8461538	842.3076923
1558	815.3846154	478.8461538	646.1538462
1559	1306.153846	822.3076923	787.6923077
1560	630	561.1538462	901.9230769
1561	1092.692308	627.3076923	823.0769231
1562	685	1042.307692	728.0769231
1563	718.9285714	730	569.2857143
1564	642.1428571	781.0714286	679.6428571
1565	902.5	687.8571429	741.0714286
1566	1335.714286	925	862.1428571
1567	1182.142857	657.1428571	678.9285714
1568	1026.428571	622.1428571	965.7142857
1569	777.5	904.6428571	816.7857143
1570	937.1428571	515.3571429	709.6428571
1571	970	731.4285714	912.1428571
1572	1229.642857	774.6428571	786.0714286
1573	855.3571429	472.5	862.5
1574	633.2142857	1061.071429	816.7857143
1575	694.6428571	922.1428571	656.4285714
1576	840	545	787.5
1577	1266.071429	837.8571429	603.5714286
1578	862.8571429	816.0714286	571.0714286
1579	839.6428571	763.5714286	547.1428571
1580	630	570.7142857	962.1428571
1581	683.5714286	1030.714286	668.5714286
1582	1114.285714	938.9285714	826.0714286
1583	1186.785714	690.3571429	854.6428571
1584	1090.714286	605	705.7142857
1585	948.9285714	1025	660.7142857
1586	949.2857143	1034.285714	721.0714286
1587	1364.285714	512.8571429	741.7857143
1588	1397.857143	691.0714286	810.7142857
1589	1202.857143	698.2142857	644.6428571
1590	538.5714286	575.3571429	742.8571429
1591	1160.714286	878.2142857	766.7857143
1592	566.0714286	645.7142857	824.2857143
1593	621.7857143	738.2142857	716.7857143
1594	716.0714286	1003.928571	798.9285714
1595	1177.5	502.1428571	999.2857143
1596	694.2857143	959.6428571	836.4285714
1597	1245.714286	847.5	950.7142857
1598	595	595.7142857	832.1428571
1599	592.5	805	582.5
1600	690.7142857	910.7142857	597.5
1601	918.5714286	1105.357143	824.2857143
1602	832.8571429	429.6428571	900.7142857
1603	1089.285714	595	647.1428571
1604	1382.142857	544.2857143	647.8571429
1605	974.6428571	477.5	686.7857143
1606	1060.357143	921.7857143	896.4285714
1607	593.9285714	813.2142857	827.5
1608	1337.142857	786.4285714	700.7142857
1609	929.6428571	851.4285714	598.2142857
1610	1188.214286	701.0714286	912.1428571
1611	1410	830	908.2142857
1612	652.8571429	1081.428571	659.2857143
1613	587.8571429	924.2857143	651.4285714
1614	595.3571429	816.0714286	641.7857143
1615	1303.214286	590.3571429	604.6428571
1616	1128.928571	487.8571429	875.7142857
1617	630	1024.642857	636.7857143
1618	1045.714286	913.9285714	1097.5
1619	1155	659.2857143	968.9285714
1620	906.7857143	905.3571429	497.8571429
1621	966.0714286	677.1428571	566.7857143
1622	995.3571429	510.7142857	591.7857143
1623	652.5	703.2142857	785
1624	672.5	667.5	948.2142857
1625	570	915	867.5
1626	1384.285714	773.5714286	795.7142857
1627	1117.142857	1046.785714	733.9285714
1628	1285.714286	556.4285714	697.1428571
1629	881.4285714	554.6428571	1066.785714
1630	593.5714286	802.5	767.5
1631	1156.785714	1010.714286	713.5714286
1632	731.4285714	552.1428571	845.7142857
1633	604.2857143	717.5	874.2857143
1634	1043.928571	905.3571429	1035
1635	1329.642857	884.6428571	871.0714286
1636	1237	496	879.3333333
1637	1204.333333	570	1078.333333
1638	1071	474.3333333	781.6666667
1639	715.6666667	992	738.3333333
1640	996.6666667	915.6666667	870.3333333
1641	1261	504.6666667	672.6666667
1642	658.3333333	514	910.6666667
1643	609.6666667	980.3333333	672.3333333
1644	575.3333333	552.3333333	870.3333333
1645	1020	499.3333333	928.6666667
1646	1174	686.3333333	878
1647	636.6666667	670.6666667	697
1648	634.6666667	669.3333333	883.6666667
1649	1181.333333	714	994.3333333
1650	667.6666667	509.6666667	693
1651	1174.666667	571.3333333	803.3333333
1652	928.6666667	990	757
1653	1339.333333	774.6666667	644.3333333
1654	1137.666667	965.3333333	751.3333333
1655	825.6666667	860.6666667	612
1656	1130.333333	616.6666667	1003
1657	671	519.6666667	753.3333333
1658	1104.666667	445.3333333	912.3333333
1659	699	573.3333333	903.3333333
1660	861.6666667	807.3333333	511.6666667
1661	1195.666667	584.3333333	597.3333333
1662	799	477.6666667	983.3333333
1663	975	842	809.3333333
1664	1036.666667	760.6666667	969.6666667
1665	1151	509.3333333	721.6666667
1666	1183.333333	668.3333333	736.3333333
1667	1238.333333	508.6666667	939.3333333
1668	603.3333333	706.6666667	814
1669	1272.333333	891.3333333	655
1670	1198	592.6666667	655
1671	615.6666667	861	603.3333333
1672	661.6666667	973.6666667	646
1673	634.3333333	890	691
1674	1271.666667	883.3333333	595.3333333
1675	860.3333333	590.3333333	752.3333333
1676	981.6666667	524.6666667	982.6666667
1677	1309	832.6666667	845.3333333
1678	880.6666667	642.6666667	774
1679	916	499	924.6666667
1680	835.6666667	450.3333333	1021.666667
1681	1212	886.3333333	887.3333333
1682	1268	761.3333333	969.3333333
1683	562.6666667	632.3333333	764.6666667
1684	575	771.3333333	678
1685	688	691.3333333	786.6666667
1686	821.3333333	530	1008
1687	1424.666667	518	777
1688	1245.333333	592.3333333	718
1689	1151.333333	519.6666667	780.3333333
1690	1268	751.6666667	909.6666667
1691	684.6666667	654.3333333	793.6666667
1692	1327.333333	873.6666667	814
1693	1091.333333	616.3333333	763.6666667
1694	907	806	633.3333333
1695	798	693.6666667	792
1696	1389.333333	775.6666667	887
1697	1219.666667	529	636
1698	589.6666667	711	906
1699	1019.6875	564.375	615.625
1700	664.0625	535.3125	1033.75
1701	569.0625	656.25	884.375
1702	1181.5625	945.9375	876.875
1703	1282.5	930.625	884.375
1704	1260.3125	494.6875	615.3125
1705	624.0625	750.9375	777.1875
1706	954.6875	1065.3125	896.875
1707	967.5	625.3125	1086.25
1708	1379.0625	762.8125	736.25
1709	578.125	564.6875	931.25
1710	668.125	629.6875	954.0625
1711	694.6875	585.9375	772.1875
1712	955.3125	461.875	903.125
1713	1000.625	560.3125	886.25
1714	768.4375	999.375	771.875
1715	1276.25	719.375	1084.6875
1716	1030	828.4375	579.375
1717	1185.3125	679.0625	796.25
1718	859.375	502.5	1045.625
1719	908.4375	956.25	849.0625
1720	1107.1875	456.5625	972.5
1721	689.375	700.9375	846.875
1722	1066.25	575.9375	799.0625
1723	1304.375	841.5625	662.5
1724	737.5	1034.6875	701.875
1725	1149.375	631.25	853.75
1726	1324.6875	799.6875	1006.5625
1727	1310.625	610.3125	721.25
1728	790.9375	1067.1875	854.375
1729	684.6875	1055	790
1730	604.0625	630.9375	1015.9375
1731	1337.5	678.125	802.1875
1732	1315.3125	672.1875	1004.6875
1733	569.375	890.9375	748.125
1734	1203.4375	648.4375	944.6875
1735	635	894.0625	506.5625
1736	1180.625	935	818.125
1737	1239.6875	533.125	1056.875
1738	808.125	854.0625	824.6875
1739	1079.375	979.375	918.4375
1740	1073.4375	941.875	687.8125
1741	1123.125	578.75	830.3125
1742	1038.125	996.875	797.5
1743	997.5	894.375	835.625
1744	704.6875	1085.625	691.25
1745	660.3125	750.3125	837.5
1746	635.3125	901.5625	751.25
1747	581.5625	808.4375	860
1748	1230.9375	782.5	604.6875
1749	1098.75	537.5	865.9375
1750	854.375	965.625	872.5
1751	1132.5	810.3125	620
1752	1407.1875	598.4375	672.8125
1753	950	1044.0625	778.75
1754	1312.1875	855.625	959.375
1755	1298.4375	724.6875	880.9375
1756	705	841.25	763.75
1757	734.375	560.625	907.5
1758	953.125	444.0625	784.0625
1759	1434.6875	753.4375	625
1760	1090.625	862.1875	696.875
1761	1092.5	895.3125	867.1875
1762	1024.375	614.375	909.375
1763	639.375	705.3125	876.25
1764	996.4705882	520.5882353	650.2941176
1765	1155.588235	862.6470588	646.1764706
1766	653.2352941	624.7058824	986.4705882
1767	1389.117647	792.9411765	913.2352941
1768	818.8235294	980.2941176	685.2941176
1769	1204.411765	711.1764706	700.5882353
1770	1364.705882	603.2352941	608.5294118
1771	894.1176471	1030	683.5294118
1772	583.5294118	676.4705882	725
1773	1025	860.2941176	1075.294118
1774	664.1176471	610.8823529	830.2941176
1775	1270.882353	869.4117647	779.1176471
1776	611.1764706	993.5294118	732.6470588
1777	1161.470588	889.7058824	823.2352941
1778	820.2941176	519.1176471	943.5294118
1779	1096.470588	1012.941176	823.2352941
1780	615	625.8823529	921.1764706
1781	746.4705882	955.5882353	807.9411765
1782	1121.176471	545.5882353	652.3529412
1783	1051.176471	463.5294118	997.6470588
1784	820	738.2352941	754.4117647
1785	1144.117647	587.3529412	619.1176471
1786	625.8823529	765	649.1176471
1787	1350.882353	696.7647059	652.3529412
1788	1180.588235	921.1764706	732.9411765
1789	1315	636.4705882	835.2941176
1790	1278.823529	771.4705882	517.0588235
1791	647.9411765	603.5294118	862.0588235
1792	746.4705882	941.7647059	748.8235294
1793	1052.058824	887.6470588	661.7647059
1794	600.5882353	619.1176471	953.5294118
1795	848.8235294	916.7647059	635.2941176
1796	1349.705882	828.2352941	935.8823529
1797	830.8823529	909.7058824	849.1176471
1798	589.4117647	936.4705882	710.2941176
1799	725.8823529	898.2352941	785.2941176
1800	1225.882353	915	792.6470588
1801	1289.705882	791.4705882	878.8235294
1802	1432.941176	744.1176471	565
1803	570.8823529	667.9411765	944.4117647
1804	1423.235294	505.8823529	717.6470588
1805	885.5882353	761.1764706	667.3529412
1806	1005.294118	577.6470588	1002.647059
1807	979.4117647	515.2941176	923.5294118
1808	1213.529412	754.7058824	935.8823529
1809	1200.882353	635.5882353	886.4705882
1810	1339.117647	724.7058824	1023.823529
1811	990.5882353	776.7647059	877.6470588
1812	1300	759.4117647	1046.764706
1813	678.8235294	555.5882353	872.3529412
1814	1325	869.4117647	505.8823529
1815	637.6470588	679.1176471	944.7058824
1816	1095.588235	968.5294118	530.8823529
1817	1281.470588	537.6470588	580.2941176
1818	559.7058824	619.4117647	704.4117647
1819	1266.176471	898.8235294	971.1764706
1820	884.4117647	860	533.2352941
1821	1410.277778	699.4444444	600.2777778
1822	650.5555556	613.8888889	923.6111111
1823	1296.666667	839.4444444	926.9444444
1824	1415.277778	721.9444444	717.2222222
1825	1003.055556	568.6111111	944.4444444
1826	775.5555556	880.8333333	697.7777778
1827	684.1666667	576.1111111	995
1828	877.2222222	500.2777778	706.6666667
1829	1243.611111	581.6666667	660.5555556
1830	1451.111111	586.3888889	858.8888889
1831	719.4444444	616.9444444	863.8888889
1832	1199.722222	624.7222222	828.0555556
1833	1228.055556	624.4444444	1099.166667
1834	823.3333333	1015.277778	865.2777778
1835	643.6111111	567.7777778	869.1666667
1836	775.8333333	649.1666667	829.1666667
1837	917.5	509.1666667	984.4444444
1838	611.6666667	1004.722222	792.7777778
1839	906.1111111	946.1111111	791.1111111
1840	1276.666667	695.2777778	974.7222222
1841	663.6111111	986.3888889	705.5555556
1842	1198.055556	486.3888889	670
1843	1197.222222	497.2222222	728.0555556
1844	1115.277778	668.8888889	788.8888889
1845	687.7777778	663.8888889	854.4444444
1846	1342.5	560	642.5
1847	881.6666667	635.2777778	717.7777778
1848	1312.222222	975	825.5555556
1849	840	531.1111111	668.0555556
1850	604.1666667	720.2777778	687.2222222
1851	861.6666667	597.5	810.2777778
1852	948.0555556	685	949.1666667
1853	1175.277778	466.3888889	820
1854	982.5	593.8888889	578.6111111
1855	1344.722222	571.3888889	701.1111111
1856	877.5	1019.444444	896.6666667
1857	664.7222222	836.9444444	703.3333333
1858	838.0555556	523.3333333	608.6111111
1859	1154.166667	540.5555556	898.3333333
1860	1263.888889	550.8333333	900
1861	1426.388889	545.2777778	894.7222222
1862	1111.388889	637.2222222	611.6666667
1863	931.1111111	1010.277778	872.7777778
1864	694.7222222	934.7222222	715.5555556
1865	571.1111111	904.1666667	808.0555556
1866	1217.5	885.5555556	620
1867	1240	520.2777778	998.6111111
1868	1050.833333	795.5555556	881.3888889
1869	1385.833333	646.3888889	573.8888889
1870	1393.333333	679.7222222	750.5555556
1871	1365.277778	741.6666667	886.1111111
1872	926.3157895	730.2631579	705.7894737
1873	1232.368421	792.1052632	664.7368421
1874	1101.052632	548.9473684	923.9473684
1875	941.3157895	561.0526316	1005.263158
1876	1292.368421	922.3684211	802.8947368
1877	1359.210526	719.7368421	770.2631579
1878	1223.157895	793.9473684	927.1052632
1879	1253.157895	846.8421053	688.6842105
1880	1288.947368	668.9473684	591.8421053
1881	631.3157895	1036.842105	695.7894737
1882	894.7368421	1040.263158	743.6842105
1883	1175.526316	550	687.3684211
1884	1264.473684	587.8947368	1078.421053
1885	926.3157895	738.9473684	761.5789474
1886	681.8421053	770.7894737	682.3684211
1887	816.8421053	493.6842105	764.4736842
1888	1022.631579	851.0526316	1014.473684
1889	1028.947368	632.3684211	1024.473684
1890	905.2631579	595.7894737	1025.789474
1891	645.7894737	578.1578947	930
1892	843.1578947	664.2105263	679.2105263
1893	987.3684211	729.2105263	591.8421053
1894	1201.315789	861.3157895	772.3684211
1895	1306.052632	599.7368421	662.6315789
1896	1310.789474	844.4736842	900.7894737
1897	938.1578947	533.6842105	830
1898	702.6315789	815	643.1578947
1899	590.7894737	960	829.7368421
1900	640	916.5789474	624.7368421
1901	845.7894737	1059.736842	828.4210526
1902	940.2631579	550.7894737	945.7894737
1903	621.5789474	672.8947368	976.0526316
1904	621.3157895	910	839.7368421
1905	956.3157895	943.6842105	830.2631579
1906	1048.947368	441.8421053	880.2631579
1907	920.2631579	580.2631579	575
1908	673.1578947	902.6315789	813.1578947
1909	610	756.3157895	869.2105263
1910	670	656.8421053	884.7368421
1911	768.9473684	1011.052632	831.3157895
1912	977.8947368	505.7894737	865.7894737
1913	873.4210526	985.5263158	720.5263158
1914	1051.842105	880.5263158	604.2105263
1915	1155.263158	1001.842105	653.1578947
1916	960.2631579	549.7368421	614.4736842
1917	666.5789474	646.0526316	822.6315789
1918	1008.157895	783.9473684	614.2105263
1919	1039.210526	990.7894737	827.1052632
1920	663.9473684	1010.526316	826.0526316
1921	1236.25	673.75	528.25
1922	1091	872.25	754
1923	990.75	668	1048
1924	599	608	893.25
1925	755.5	605.25	868.5
1926	716.5	629.75	734.5
1927	974.25	829.5	753
1928	632.5	1049.25	756
1929	1314	683	1063
1930	1175.25	560.5	745
1931	1249.25	816.75	754.5
1932	613.75	846	729.25
1933	1221.75	550.75	750.75
1934	816.5	486.75	705.25
1935	841.75	1035.25	709.5
1936	1127.5	603.25	945.5
1937	664	998.75	765.5
1938	1151.5	645.75	911.5
1939	727.25	885	726.25
1940	977.25	987.5	795.75
1941	1290.75	606.75	924.25
1942	631	801.5	830.75
1943	753	594.75	806.75
1944	641.75	954.5	801.75
1945	1183	930.25	790
1946	613.25	849.75	544.75
1947	1158.5	869.25	708.25
1948	1170.5	674	820.5
1949	616.75	639.5	793.25
1950	1178.75	595	919.5
1951	1251.5	837.5	630.5
1952	954	453	844.75
1953	1115	658	730.25
1954	1178	916	672.25
1955	1325	886.75	630
1956	661	524.75	972.5
1957	951.75	788.75	785
1958	1133.75	948.75	631
1959	1210.47619	728.8095238	577.8571429
1960	1073.809524	925.2380952	569.2857143
1961	1202.380952	752.8571429	960.4761905
1962	637.3809524	905	565.4761905
1963	1216.904762	628.8095238	563.3333333
1964	1176.190476	489.047619	941.1904762
1965	670.952381	865.4761905	633.5714286
1966	800.7142857	960.4761905	841.6666667
1967	962.6190476	594.7619048	908.5714286
1968	798.8095238	684.047619	731.6666667
1969	1198.809524	612.8571429	769.2857143
1970	952.1428571	1054.761905	836.9047619
1971	1167.857143	640	645.7142857
1972	840	537.6190476	727.8571429
1973	590.4761905	947.6190476	770
1974	950.7142857	779.5238095	727.3809524
1975	1327.380952	643.5714286	628.5714286
1976	1435.714286	651.9047619	700.4761905
1977	1273.095238	783.0952381	901.9047619
1978	1302.619048	972.6190476	851.4285714
1979	790.7142857	1055	795.2380952
1980	1232.142857	784.5238095	844.2857143
1981	1113.809524	1031.190476	612.6190476
1982	1072.142857	484.7619048	842.6190476
1983	1340.238095	688.8095238	859.7619048
1984	705.4761905	828.3333333	704.7619048
1985	620	661.9047619	914.7619048
1986	1079.047619	965.2380952	862.8571429
1987	1314.047619	722.6190476	615.952381
1988	1177.619048	699.7619048	936.6666667
1989	614.2857143	857.1428571	789.5238095
1990	683.0952381	784.5238095	742.8571429
1991	961.1904762	557.8571429	674.5238095
1992	642.1428571	941.1904762	742.6190476
1993	1020.238095	574.5238095	675.4761905
1994	1180.952381	806.6666667	745.4761905
1995	878.3333333	515.4761905	825.7142857
1996	1218.095238	895.2380952	679.5238095
1997	644.047619	794.047619	740.2380952
1998	997.8571429	530.4761905	710.952381
1999	966.4285714	721.4285714	854.2857143
2000	666.4285714	620.952381	892.3809524
2001	834.3181818	440	960.4545455
2002	1251.818182	665.9090909	1063.863636
2003	862.0454545	575.2272727	632.9545455
2004	1221.136364	539.7727273	694.0909091
2005	1334.090909	664.7727273	745.6818182
2006	1272.954545	670.9090909	856.3636364
2007	1019.318182	935.9090909	803.1818182
2008	962.2727273	585.9090909	850.6818182
2009	1291.818182	817.7272727	812.0454545
2010	1209.090909	732.5	819.3181818
2011	1146.136364	597.0454545	675.9090909
2012	1301.136364	823.8636364	542.0454545
2013	927.0454545	639.7727273	985.6818182
2014	1134.318182	841.5909091	792.5
2015	1252.727273	654.3181818	1006.818182
2016	999.0909091	550	829.7727273
2017	695.4545455	946.8181818	775
2018	1097.045455	1002.045455	769.0909091
2019	1245.454545	792.5	640.4545455
2020	1349.318182	837.7272727	967.0454545
2021	937.5	524.3181818	769.5454545
2022	1030.454545	835	637.7272727
2023	1425	531.1363636	834.7727273
2024	1266.590909	624.7727273	628.1818182
2025	1185	621.1363636	1034.545455
2026	974.7727273	487.5	746.3636364
2027	1270	659.3181818	800.2272727
2028	850.2272727	929.7727273	695.6818182
2029	1019.090909	968.8636364	893.1818182
2030	863.6363636	716.3636364	702.5
2031	1368.636364	625.2272727	725.6818182
2032	1288.181818	640.6818182	1100.909091
2033	1210.454545	742.5	878.4090909
2034	884.0909091	619.0909091	597.0454545
2035	1316.363636	661.3636364	950.2272727
2036	798.1818182	936.5909091	721.1363636
2037	1196.363636	831.8181818	594.5454545
2038	1255.227273	848.4090909	928.1818182
2039	1354.545455	708.4090909	710.9090909
2040	1283.913043	787.826087	638.4782609
2041	865.6521739	708.4782609	643.0434783
2042	1245.869565	604.7826087	773.2608696
2043	1228.913043	696.3043478	971.7391304
2044	1269.782609	773.6956522	844.7826087
2045	588.2608696	701.0869565	845.8695652
2046	1014.347826	713.6956522	1008.26087
2047	784.5652174	796.5217391	800
2048	898.6956522	536.0869565	610.6521739
2049	1184.782609	938.4782609	847.6086957
2050	1139.565217	722.173913	813.0434783
2051	1112.608696	646.9565217	671.3043478
2052	775.4347826	639.1304348	768.4782609
2053	1347.391304	930.6521739	592.6086957
2054	924.5652174	631.0869565	926.7391304
2055	929.1304348	999.7826087	814.3478261
2056	1131.304348	510.8695652	994.5652174
2057	1090.652174	884.1304348	810.6521739
2058	1349.130435	935.8695652	895.6521739
2059	1198.913043	508.4782609	784.7826087
2060	1158.26087	565.8695652	1015
2061	1101.73913	560.4347826	982.826087
2062	1094.565217	994.5652174	709.5652174
2063	681.0869565	565.8695652	934.1304348
2064	1175.869565	477.3913043	880.2173913
2065	1348.26087	921.7391304	531.3043478
2066	618.4782609	650.8695652	854.1304348
2067	1135.652174	957.173913	691.7391304
2068	978.2608696	997.826087	854.5652174
2069	1191.086957	684.3478261	612.826087
2070	1224.782609	574.3478261	865.2173913
2071	578.6956522	784.7826087	738.4782609
2072	1169.565217	650.4347826	702.3913043
2073	1310.869565	983.2608696	884.7826087
2074	1296.304348	829.5652174	868.2608696
2075	1247.916667	616.25	831.875
2076	1387.291667	555	707.5
2077	961.0416667	576.4583333	793.125
2078	1115	1040	672.7083333
2079	1234.583333	796.875	903.5416667
2080	776.875	892.7083333	757.5
2081	1146.458333	620	794.1666667
2082	1163.75	775.2083333	836.875
2083	586.25	689.375	785.2083333
2084	1288.75	630.625	1041.041667
2085	804.7916667	817.7083333	646.4583333
2086	1073.75	495	902.7083333
2087	619.375	872.7083333	660.8333333
2088	1224.166667	677.7083333	853.5416667
2089	1302.5	832.9166667	603.75
2090	1075.833333	947.7083333	744.5833333
2091	926.4583333	721.4583333	647.7083333
2092	1412.5	709.5833333	660
2093	1027.5	740.8333333	856.25
2094	1043.75	616.4583333	640.2083333
2095	1136.458333	852.7083333	850.8333333
2096	1243.125	835.625	894.1666667
2097	601.8	852.8	820.4
2098	1282.2	920.6	826.2
2099	1206.6	721.8	759.6
2100	1252	827.2	811.6
2101	1110.8	765.8	654.2
2102	1258.8	726.8	552
2103	1050.8	453.2	939.4
2104	879.8	524.6	885
2105	1097.6	526.2	805.6
2106	1130.2	499.2	935.4
2107	1250	629.2	890
2108	1203.8	557	1020.4
2109	1286.6	797.6	695.6
2110	1268	646.4	743
2111	1228	612.2	1041.2
2112	1341.2	701.8	917.2
2113	1330.6	653.8	687.2
2114	641.8	929.6	683.8
2115	964.2	604.6	965.4
2116	1199.2	739.6	903
2117	998	882	777.4
2118	1268.461538	635.3846154	686.5384615
2119	1388.076923	656.9230769	633.4615385
2120	1169.807692	661.9230769	760.7692308
2121	651.9230769	846.7307692	792.5
2122	897.8846154	1061.730769	860.1923077
2123	880.9615385	543.6538462	1006.730769
2124	1092.884615	978.4615385	590
2125	976.1538462	497.3076923	806.7307692
2126	896.7307692	1051.346154	801.3461538
2127	878.2692308	508.2692308	766.9230769
2128	581.1538462	796.9230769	799.0384615
2129	1222.692308	666.9230769	795.5769231
2130	1042.5	638.4615385	756.9230769
2131	1256.538462	857.1153846	745.5769231
2132	861.1538462	582.6923077	693.2692308
2133	1290.961538	618.8461538	983.4615385
2134	697.8846154	598.8461538	833.0769231
2135	1050.192308	751.5384615	649.8076923
2136	673.4615385	890	753.6538462
2137	1133.269231	818.6538462	679.4230769
2138	1072.884615	933.4615385	628.6538462
2139	1076.296296	506.2962963	961.6666667
2140	621.8518519	897.2222222	780.7407407
2141	983.3333333	601.8518519	639.6296296
2142	945.9259259	676.2962963	890.3703704
2143	1202.407407	531.4814815	901.8518519
2144	599.0740741	828.5185185	699.8148148
2145	899.4444444	543.1481481	670.5555556
2146	1390.37037	667.7777778	692.7777778
2147	1223.148148	562.2222222	807.4074074
2148	1135.925926	690.1851852	637.037037
2149	1022.777778	605	851.1111111
2150	1291.851852	942.4074074	922.5925926
2151	1038.703704	868.3333333	870.3703704
2152	1325.740741	878.5185185	568.5185185
2153	1210.185185	874.8148148	827.962963
2154	821.4814815	991.6666667	745.9259259
2155	1007.222222	644.4444444	604.0740741
2156	1020.185185	584.4444444	734.8148148
2157	1264.259259	575.3703704	1019.814815
2158	843.7037037	1047.037037	770
2159	966.1111111	614.2592593	1024.814815
2160	1198.333333	850.7407407	714.6296296
2161	700.7407407	608.8888889	894.4444444
2162	638.7037037	683.8888889	755.7407407
2163	1020.740741	594.2592593	793.1481481
2164	902.4074074	577.7777778	908.1481481
2165	1348.518519	925.9259259	837.037037
2166	782.5	774.6428571	680.3571429
2167	1146.607143	608.0357143	734.4642857
2168	661.25	739.4642857	779.1071429
2169	1221.964286	646.4285714	681.6071429
2170	673.2142857	878.5714286	694.2857143
2171	799.4642857	948.2142857	781.25
2172	1290.178571	801.9642857	937.3214286
2173	1090.535714	756.4285714	863.0357143
2174	1078.571429	846.0714286	906.25
2175	609.1071429	745.7142857	808.3928571
2176	1264.107143	564.1071429	959.4642857
2177	1253.571429	838.3928571	869.1071429
2178	1327.678571	785.5357143	944.1071429
2179	1044.821429	658.5714286	873.2142857
2180	639.4642857	694.6428571	816.25
2181	1010.357143	703.9285714	949.6428571
2182	905.7142857	670.5357143	622.6785714
2183	1182.857143	608.0357143	977.3214286
2184	986.25	648.3928571	929.1071429
2185	1212.5	737.6785714	635.3571429
2186	720.8928571	652.3214286	855
2187	903.2142857	586.4285714	966.0714286
2188	1028.75	698.0357143	626.4285714
2189	1365.535714	613.9285714	667.1428571
2190	741.8965517	696.5517241	816.7241379
2191	1042.931034	627.5862069	700.1724138
2192	923.6206897	622.4137931	870
2193	857.9310345	492.2413793	983.9655172
2194	987.9310345	658.1034483	987.2413793
2195	1222.068966	657.0689655	737.9310345
2196	1316.034483	649.3103448	892.4137931
2197	961.7241379	566.7241379	734.3103448
2198	1227.758621	586.5517241	923.2758621
2199	997.7586207	541.3793103	770.1724138
2200	1176.724138	779.137931	567.7586207
2201	1202.413793	545	961.0344828
2202	1158.275862	733.7931034	602.7586207
2203	1199.827586	519.6551724	843.7931034
2204	875.1724138	1008.62069	838.2758621
2205	1262.333333	878	860.5
2206	807.5	841.6666667	766.3333333
2207	1017	957.1666667	833.3333333
2208	901.1666667	568.8333333	849.8333333
2209	1092.833333	987.5	649.3333333
2210	1156	553.1666667	956
2211	1007.666667	694.3333333	891.8333333
2212	943.5	667	833.6666667
2213	1133.666667	829	737.3333333
2214	1313.833333	733	674.5
2215	943.6666667	632.1666667	600.5
2216	1388.666667	793.1666667	945.6666667
2217	966.1666667	711.6666667	799
2218	1314.5	744.5	733.1666667
2219	1122.666667	556	709.8333333
2220	659.3548387	727.2580645	719.0322581
2221	1252.741935	641.2903226	949.1935484
2222	873.8709677	997.2580645	779.6774194
2223	1097.903226	515	744.6774194
2224	829.1935484	886.7741935	730.6451613
2225	904.516129	679.1935484	683.2258065
2226	880.3225806	533.8709677	945.483871
2227	830.6451613	898.3870968	790
2228	827.4193548	873.8709677	671.2903226
2229	650.3225806	822.2580645	670.6451613
2230	857.2580645	482.2580645	922.2580645
2231	1247.741935	720.483871	878.7096774
2232	851.9354839	941.2903226	755.3225806
2233	984.1935484	619.3548387	757.4193548
2234	1066.290323	702.9032258	838.3870968
2235	822.4193548	1003.709677	805.6451613
2236	621.7741935	885.1612903	720.8064516
2237	1291.875	701.25	766.40625
2238	1178.125	797.8125	688.125
2239	1220	781.40625	869.84375
2240	601.09375	840.9375	760.3125
2241	1065	680.625	722.8125
2242	1066.40625	669.53125	664.53125
2243	1275.78125	682.96875	915.46875
2244	1227.8125	599.375	983.28125
2245	1267.96875	763.59375	786.09375
2246	1071.25	805.625	674.53125
2247	1006.25	683.90625	834.375
2248	607.5	733.125	746.875
2249	1123.28125	567.1875	769.84375
2250	1026.666667	728.6363636	800.1515152
2251	989.5454545	764.3939394	821.969697
2252	1290.30303	808.6363636	753.9393939
2253	1197.424242	841.6666667	654.8484848
2254	1014.393939	816.5151515	846.0606061
2255	943.030303	658.1818182	776.6666667
2256	984.0909091	629.8484848	812.8787879
2257	1221.176471	637.3529412	622.9411765
2258	1349.705882	820.1470588	907.3529412
2259	761.3235294	730.2941176	717.3529412
2260	1286.029412	779.8529412	578.3823529
2261	628.8235294	777.9411765	709.1176471
2262	652.0588235	834.1176471	733.2352941
2263	1056.323529	890.8823529	718.6764706
2264	1177.5	787.6470588	628.6764706
2265	1044.264706	647.9411765	814.8529412
2266	853.0882353	952.7941176	814.8529412
2267	1065.147059	692.5	779.8529412
2268	1260	867.7941176	802.2058824
2269	1240.428571	824.8571429	836
2270	900.5714286	552.1428571	730.4285714
2271	1245.428571	720.1428571	820.1428571
2272	630.2857143	790.5714286	770.2857143
2273	987	736.8571429	649.8571429
2274	985	609.4285714	699.2857143
2275	985.7142857	639.8571429	871
2276	740.1428571	685.8571429	755.5714286
2277	1078.428571	954.4285714	804.2857143
2278	1267.083333	743.1944444	669.0277778
2279	1267.361111	734.3055556	612.6388889
2280	1005.416667	674.1666667	778.1944444
2281	1272.083333	880	835.5555556
2282	785.4166667	785.9722222	741.3888889
2283	901.3888889	559.8611111	790.4166667
2284	921.9444444	603.75	754.7222222
2285	1290.138889	678.6111111	650.8333333
2286	883.4722222	626.5277778	658.4722222
2287	1010.416667	788.6111111	672.3611111
2288	1161.111111	762.9166667	778.3333333
2289	762.4324324	741.7567568	778.5135135
2290	921.6216216	587.972973	636.2162162
2291	806.4864865	830.4054054	706.6216216
2292	1290.27027	689.7297297	708.9189189
2293	1195.675676	728.1081081	844.8648649
2294	1157.702703	742.972973	661.4864865
2295	1238.421053	814.3421053	778.4210526
2296	1115.526316	809.8684211	886.0526316
2297	1293.026316	932.7631579	860.3947368
2298	1192.105263	694.0789474	669.8684211
2299	1226.184211	683.9473684	912.2368421
2300	1050.641026	782.9487179	823.7179487
2301	922.0512821	613.2051282	812.5641026
2302	944	648.75	721.5
2303	718.375	641.375	794.25
2304	1138.125	710.875	755
2305	1136.75	700.75	695.375
2306	1059	910.375	838.25
2307	965.5	684.875	626.5
2308	1270.853659	890.1219512	901.5853659
2309	1216.904762	769.5238095	810.2380952
2310	921.9047619	596.547619	696.6666667
2311	1110.465116	775.8139535	712.6744186
2312	1006.860465	662.7906977	722.5581395
2313	1089.204545	745	804.5454545
2314	1088.181818	722.6136364	687.8409091
2315	1159.444444	752.4444444	719.4444444
2316	1239.555556	803.1111111	713
2317	1268.804348	753.0434783	727.2826087
2318	1244.456522	680.9782609	587.9347826
2319	965.2173913	701.6304348	743.0434783
2320	1034.23913	837.5	696.4130435
2321	1007.065217	653.1521739	663.6956522
2322	1088.152174	734.2391304	746.6304348
2323	1071.304348	814.1304348	733.2608696
2324	1192.934783	704.1304348	727.9347826
2325	1194.042553	715.7446809	786.7021277
2326	1111.276596	787.1276596	769.3617021
2327	1113.125	798.75	827.1875
2328	1072.8125	825	789.8958333
2329	1012.916667	805.3125	788.9583333
2330	1075.306122	835.6122449	847.755102
2331	943.6734694	640.6122449	662.1428571
2332	965.6122449	692.3469388	685.8163265
2333	988.9	753.2	765.6
2334	1245.5	710.5	761.4
2335	1225.8	911.5	854.8
2336	1245.392157	699.8039216	703.8235294
2337	1057.54902	900.0980392	778.627451
2338	1037.058824	857.254902	813.1372549
2339	1050	770.3846154	767.5
2340	1028.076923	706.8269231	685.7692308
2341	1026.634615	717.5	743.8461538
2342	1215.566038	758.3962264	751.509434
2343	1216.696429	748.3928571	689.375
2344	1245.714286	689.5535714	646.3392857
2345	988.0701754	744.2105263	707.4561404
2346	1248.596491	727.9824561	937.9824561
2347	1050	760.9649123	708.7719298
2348	1035.431034	846.637931	755.2586207
2349	1011.37931	795.6034483	731.4655172
